Cpu(s):  0.4%us,  0.2%sy,  0.0%ni, 92.5%id,  6.8%wa,  0.0%hi,  0.0%si,  0.0%st
Cpu(s): 25.4%us,  0.8%sy,  0.0%ni, 58.0%id, 15.6%wa,  0.0%hi,  0.0%si,  0.2%st
Cpu(s): 25.2%us,  0.7%sy,  0.0%ni, 57.3%id, 16.7%wa,  0.0%hi,  0.0%si,  0.1%st
Cpu(s): 25.3%us,  0.8%sy,  0.0%ni, 54.7%id, 19.2%wa,  0.0%hi,  0.0%si,  0.1%st
Cpu(s): 25.4%us,  0.9%sy,  0.0%ni, 54.8%id, 18.7%wa,  0.0%hi,  0.0%si,  0.2%st
Cpu(s): 21.3%us,  1.3%sy,  0.0%ni, 54.8%id, 22.5%wa,  0.0%hi,  0.0%si,  0.2%st
Cpu(s): 27.0%us,  1.3%sy,  0.0%ni, 63.8%id,  7.8%wa,  0.0%hi,  0.0%si,  0.2%st
Cpu(s): 21.2%us,  0.3%sy,  0.0%ni, 57.4%id, 21.0%wa,  0.0%hi,  0.0%si,  0.2%st
Cpu(s): 24.2%us,  0.9%sy,  0.0%ni, 50.5%id, 24.4%wa,  0.0%hi,  0.0%si,  0.0%st
Cpu(s): 24.6%us,  0.7%sy,  0.0%ni, 70.3%id,  4.4%wa,  0.0%hi,  0.0%si,  0.1%st
Cpu(s): 25.3%us,  0.6%sy,  0.0%ni, 43.9%id, 30.1%wa,  0.0%hi,  0.0%si,  0.1%st
Cpu(s): 25.4%us,  0.5%sy,  0.0%ni, 53.2%id, 20.9%wa,  0.0%hi,  0.0%si,  0.0%st
Cpu(s): 24.4%us,  1.2%sy,  0.0%ni, 50.6%id, 23.7%wa,  0.0%hi,  0.0%si,  0.1%st
Cpu(s): 21.9%us,  0.9%sy,  0.0%ni, 61.7%id, 15.4%wa,  0.0%hi,  0.0%si,  0.1%st
Cpu(s): 20.8%us,  0.0%sy,  0.0%ni, 63.0%id, 16.2%wa,  0.0%hi,  0.0%si,  0.1%st
